Time [s]	Intensity Region 1	Intensity Region 2	Intensity Region 3
0.000	67.611	71.219	6.405
0.197	69.270	71.280	6.275
0.394	68.350	70.707	5.618
0.591	69.216	71.421	5.191
0.788	68.729	71.391	5.858
0.985	67.783	71.252	5.922
1.622	14.185	71.827	6.133
1.819	14.535	70.755	5.396
2.016	15.099	70.708	5.636
2.213	15.443	70.035	5.416
2.410	15.253	71.130	5.471
2.607	15.412	70.617	5.145
2.804	15.779	70.567	5.627
3.001	16.370	69.556	5.243
3.198	16.558	70.092	5.390
3.395	17.112	71.103	6.272
3.592	16.517	70.079	6.014
3.789	17.468	70.039	5.751
3.986	17.362	70.082	5.341
4.183	17.526	70.874	5.393
4.380	18.006	70.788	5.905
4.577	18.039	70.725	5.422
4.774	18.244	70.823	5.653
4.971	18.435	70.391	5.361
5.168	18.697	70.323	5.321
5.365	19.197	69.955	5.861
5.562	19.202	70.851	5.468
5.759	19.368	70.360	6.240
5.956	19.127	69.463	4.858
6.153	19.596	69.914	5.561
6.350	20.318	70.566	6.254
6.547	19.763	70.400	5.613
6.744	19.848	69.679	5.168
6.941	20.334	71.155	5.763
7.138	20.331	70.593	5.569
7.335	20.544	70.474	5.153
7.533	20.791	70.391	4.962
7.730	20.961	70.959	5.772
7.927	21.224	69.935	5.306
8.124	20.725	70.003	5.705
8.321	21.572	70.023	5.442
8.518	21.423	69.375	5.679
8.715	21.592	69.919	5.662
8.912	21.696	70.636	5.769
9.109	22.188	70.186	5.410
9.306	21.729	71.027	4.991
9.503	22.548	70.978	5.512
9.700	22.625	70.459	5.853
9.897	22.641	70.199	5.529
10.094	22.686	69.679	5.506
10.291	22.466	70.343	4.783
10.488	22.746	70.239	5.887
10.685	22.706	69.580	5.373
10.882	22.948	69.156	5.798
11.079	23.638	69.881	6.318
11.276	23.824	69.919	5.075
11.473	23.650	70.099	5.301
11.670	23.687	70.150	4.621
11.867	23.701	70.378	5.390
12.064	23.910	70.010	4.939
12.261	24.446	69.906	5.448
12.458	24.375	69.283	5.295
12.655	23.803	69.467	5.491
12.852	24.335	69.579	5.361
13.049	24.961	70.358	5.526
13.246	24.667	69.682	6.064
13.443	24.873	70.009	5.445
13.640	25.259	69.411	5.939
13.837	24.683	69.712	5.636
14.034	25.369	69.885	6.069
14.231	25.171	70.099	5.939
14.428	25.575	70.206	5.410
14.625	25.284	71.056	6.246
14.822	25.526	69.988	5.720
15.019	25.447	70.255	5.312
15.216	25.618	68.787	5.751
15.413	25.616	70.156	4.844
15.610	25.712	70.220	5.393
15.807	26.105	69.818	5.546
16.004	26.346	70.526	6.257
16.201	26.634	70.612	6.249
16.398	26.016	70.720	6.121
16.595	26.414	70.399	5.974
16.792	26.866	71.011	5.650
16.989	27.060	69.589	5.604
17.186	26.430	70.186	5.405
17.383	26.951	69.467	5.662
17.580	26.844	70.131	5.168
17.777	27.122	70.047	5.286
17.974	27.388	69.486	5.601
18.171	27.156	70.171	5.954
18.369	27.234	69.926	6.029
18.566	27.458	69.908	6.962
18.763	27.187	69.193	5.523
18.960	27.795	70.495	5.968
19.157	27.400	69.692	5.847
19.354	27.939	68.789	5.460
19.551	27.460	69.739	4.936
19.748	27.613	69.508	5.523
19.945	27.261	69.556	5.838
20.142	27.858	69.529	5.876
20.339	27.664	69.165	6.095
20.536	28.737	69.479	5.786
20.733	27.680	69.365	6.422
20.930	28.037	69.440	5.691
21.127	28.394	69.905	5.040
21.324	28.283	69.054	5.988
21.521	28.288	69.065	5.627
21.718	28.408	69.367	5.783
21.915	28.156	69.091	5.962
22.112	28.308	68.768	5.465
22.309	28.759	70.215	5.543
22.506	28.394	69.449	5.500
22.703	28.549	69.541	5.659
22.900	29.044	69.637	6.298
23.097	29.172	70.123	5.514
23.294	29.080	69.895	6.072
23.491	29.113	69.571	5.855
23.688	29.603	69.711	5.260
23.885	29.297	69.177	5.145
24.082	29.513	69.167	5.387
24.279	28.921	69.688	5.153
24.476	29.274	68.963	5.332
24.673	29.455	70.081	6.040
24.870	29.532	69.420	5.647
25.067	29.676	69.409	5.069
25.264	29.232	70.149	5.439
25.461	29.724	69.780	5.699
25.658	29.194	69.135	5.647
25.855	29.760	69.303	5.491
26.052	29.891	68.956	5.194
26.249	29.860	69.942	5.841
26.446	30.199	69.205	5.731
26.643	29.751	69.473	5.532
26.840	30.013	69.272	5.468
27.037	29.820	69.690	5.387
27.234	29.917	69.700	5.451
27.431	30.855	69.560	5.260
27.628	29.972	69.360	5.604
27.825	30.107	69.512	6.321
28.022	30.632	69.415	6.136
28.219	31.145	69.238	5.211
28.416	29.993	69.116	5.350
28.613	30.784	69.513	5.127
28.810	30.603	69.943	5.633
29.007	30.998	69.516	5.740
29.205	30.387	69.795	5.523
29.402	31.167	69.032	6.069
29.599	30.486	69.774	5.925
29.796	30.794	69.535	5.321
29.993	31.444	69.653	5.572
30.190	30.225	69.815	5.280
30.387	30.811	69.010	5.974
30.584	31.088	68.867	5.162
30.781	31.149	69.634	5.844
30.978	31.190	69.370	5.520
31.175	31.068	69.581	5.254
31.372	31.550	69.599	4.882
31.569	31.308	68.700	5.503
31.766	31.700	69.280	5.546
31.963	31.457	69.370	5.506
32.160	31.475	69.057	5.980
32.357	31.100	68.401	5.595
32.554	31.357	68.912	5.231
32.751	31.821	68.951	5.876
32.948	31.799	69.849	5.280
33.145	31.859	69.350	5.384
33.342	31.562	68.601	5.827
33.539	32.164	68.613	5.997
33.736	31.709	69.550	5.835
33.933	31.423	69.089	5.723
34.130	31.973	69.846	5.618
34.327	31.439	69.032	5.462
34.524	31.606	69.978	5.457
34.721	31.894	69.846	5.835
34.918	32.918	68.445	5.809
35.115	32.621	69.099	5.708
35.312	32.991	69.334	5.092
35.509	32.481	68.833	5.419
35.706	32.542	68.944	5.384
35.903	32.492	69.752	5.821
36.100	32.197	69.474	5.419
36.297	32.364	69.440	5.358
36.494	32.551	69.046	5.818
36.691	32.757	69.526	5.691
36.888	32.867	69.004	5.650
37.085	32.608	68.376	5.708
37.282	32.292	69.150	5.228
37.479	32.318	68.463	6.636
37.676	32.999	69.488	5.676
37.873	32.246	69.426	6.084
38.070	32.667	69.504	6.113
38.267	32.341	68.520	5.243
38.464	32.642	70.140	5.460
38.661	32.733	69.551	5.642
38.858	32.723	68.688	5.723
39.055	32.864	68.997	5.136
39.252	33.286	69.434	5.598
39.449	33.045	69.036	4.754
39.646	33.367	69.106	5.006
39.843	33.301	68.976	6.006
40.041	33.417	68.891	5.714
40.238	33.488	68.402	5.159
40.435	33.682	68.582	4.682
40.632	33.595	68.669	5.168
40.829	33.724	67.975	6.098
41.026	33.430	68.743	5.861
41.223	33.370	68.441	5.775
41.420	34.191	68.753	5.405
41.617	33.517	68.729	5.763
41.814	33.603	68.727	5.303
42.011	33.863	68.653	6.090
42.208	33.621	68.585	5.358
42.405	34.044	68.951	5.156
42.602	33.992	68.352	5.382
42.799	33.466	68.695	5.908
42.996	34.095	69.449	4.812
43.193	33.753	68.847	5.754
43.390	34.355	69.770	5.760
43.587	33.832	68.655	6.121
43.784	33.566	67.981	5.971
43.981	34.270	68.896	5.171
44.178	34.478	68.726	6.075
44.375	34.030	68.724	6.104
44.572	34.292	68.514	5.506
44.769	33.856	68.323	5.471
44.966	34.268	69.190	5.870
45.163	34.712	68.305	5.431
45.360	34.798	68.906	6.780
45.557	34.744	68.819	5.520
45.754	34.824	69.114	5.327
45.951	34.592	68.774	6.014
46.148	34.734	69.010	6.058
46.345	34.626	69.375	5.861
46.542	34.647	68.655	6.136
46.739	34.417	68.801	5.439
46.936	34.874	68.713	5.017
47.133	34.210	69.376	4.916
47.330	35.018	70.019	6.064
47.527	34.712	69.260	5.939
47.724	34.873	68.644	5.098
47.921	35.086	69.946	5.676
48.118	34.692	69.277	6.223
48.315	34.840	68.822	5.988
48.512	34.586	68.413	5.887
48.709	34.931	69.213	5.529
48.906	34.362	68.994	5.448
49.103	34.672	68.730	5.353
49.300	35.330	68.807	5.740
49.497	34.860	69.465	5.197
49.694	35.050	68.976	5.931
49.891	34.509	69.482	6.003
50.088	34.897	69.448	6.095
50.285	34.731	68.986	5.705
50.482	35.190	68.303	6.653
50.679	34.823	68.750	6.520
50.877	34.706	69.010	5.688
51.074	34.829	68.974	5.928
51.271	35.491	68.780	5.194
51.468	35.601	68.692	5.428
51.665	34.884	69.518	5.509
51.862	35.110	68.576	6.309
52.059	35.308	68.699	6.168
52.256	35.134	68.809	5.416
52.453	35.022	69.659	4.902
52.650	35.236	68.521	6.104
52.847	34.371	68.878	5.861
53.044	35.632	68.763	5.850
53.241	34.920	68.688	6.228
53.438	35.219	68.881	6.202
53.635	35.426	68.436	5.090
53.832	35.542	69.980	5.197
54.029	35.400	68.705	5.737
54.226	35.491	69.023	5.919
54.423	36.082	69.388	5.783
54.620	35.533	68.730	5.199
54.817	35.699	69.191	5.656
55.014	35.351	68.505	5.483
55.211	35.296	69.153	5.275
55.408	35.893	69.645	5.578
55.605	35.705	69.068	5.997
55.802	35.625	68.981	5.315
55.999	35.235	69.198	6.725
56.196	36.378	69.004	6.532
56.393	35.694	69.459	5.824
56.590	35.526	68.814	5.552
56.787	36.321	68.392	6.292
56.984	35.592	68.552	5.659
57.181	36.121	67.757	6.124
57.378	35.715	68.878	5.925
57.575	36.028	68.708	5.283
57.772	36.325	68.528	5.592
57.969	36.404	68.020	5.662
58.166	36.489	68.693	5.416
58.363	36.092	69.273	5.838
58.560	36.490	69.152	6.211
58.757	36.467	67.874	6.049
58.954	36.315	67.325	6.205
59.151	36.432	68.737	6.052
59.348	35.829	68.221	6.052
59.545	36.784	67.925	5.815
59.742	36.099	69.050	6.165
59.939	36.545	68.769	6.656
60.136	36.624	68.202	6.379
60.333	36.218	68.604	5.908
60.530	36.633	69.295	5.815
60.727	36.267	68.307	5.546
60.924	36.658	68.038	6.023
61.121	36.763	68.379	6.295
61.318	36.551	69.085	5.855
61.515	37.200	68.108	5.633
61.713	36.153	68.198	6.023
61.910	37.229	69.261	5.913
62.107	36.724	68.998	5.254
62.304	36.651	68.198	6.078
62.501	36.841	69.045	6.939
62.698	36.815	67.838	6.413
62.895	37.171	69.105	5.740
63.092	36.945	68.265	5.723
63.289	36.136	69.075	5.509
63.486	37.119	68.783	5.749
63.683	36.564	68.132	5.231
63.880	37.018	67.875	5.341
64.077	37.109	67.610	6.618
64.274	36.620	68.370	5.431
64.471	36.548	68.191	5.532
64.668	36.857	68.262	5.864
64.865	36.897	67.622	5.668
65.062	37.622	68.182	6.286
65.259	36.740	68.660	5.639
65.456	36.964	67.938	5.529
65.653	37.451	67.542	6.769
65.850	37.572	68.144	5.960
66.047	37.344	68.752	6.072
66.244	37.007	68.083	6.327
66.441	36.832	67.965	5.934
66.638	37.107	68.584	6.295
66.835	37.297	67.900	5.691
67.032	37.356	68.178	5.893
67.229	37.551	68.592	5.309
67.426	37.287	68.510	5.405
67.623	37.451	67.958	5.867
67.820	37.155	68.654	5.737
68.017	37.854	68.458	6.081
68.214	37.646	67.652	6.014
68.411	37.761	68.856	5.740
68.608	37.464	68.400	6.078
68.805	37.417	68.325	6.486
69.002	37.509	68.725	5.861
69.199	37.684	68.516	6.185
69.396	38.011	68.561	5.639
69.593	37.265	68.764	5.945
69.790	37.404	68.933	6.416
69.987	37.573	68.628	5.344
70.184	37.526	68.630	6.064
70.381	37.781	69.007	6.147
70.578	37.360	68.887	5.540
70.775	38.274	68.124	6.032
70.972	37.980	69.163	5.642
71.169	37.171	68.336	5.454
71.366	38.140	68.044	5.636
71.563	37.971	68.238	5.965
71.760	37.874	68.137	5.353
71.957	37.441	67.699	6.249
72.154	38.113	68.069	5.523
72.351	38.191	68.916	5.514
72.549	37.922	68.635	5.988
72.746	38.048	68.253	5.965
72.943	37.429	68.558	6.277
73.140	38.322	69.070	6.231
73.337	38.665	69.316	5.942
73.534	38.369	68.342	5.509
73.731	38.673	68.471	6.046
73.928	38.123	68.486	5.422
74.125	38.451	68.331	5.240
74.322	37.987	68.779	6.327
74.519	37.969	68.492	5.928
74.716	38.153	67.956	4.925
74.913	38.519	68.569	5.647
75.110	38.348	69.493	5.705
75.307	38.272	68.151	6.223
75.504	38.713	69.129	6.012
75.701	38.653	68.651	6.425
75.898	38.342	68.953	5.754
76.095	38.128	68.546	5.870
76.292	38.670	68.732	5.743
76.489	37.491	68.545	5.818
76.686	38.952	67.658	5.040
76.883	39.131	68.424	5.468
77.080	38.828	68.955	6.014
77.277	38.142	67.942	5.737
77.474	39.272	67.625	5.474
77.671	38.334	68.466	6.564
77.868	38.339	67.688	5.263
78.065	38.055	68.026	5.916
78.262	38.890	68.127	6.335
78.459	38.956	68.469	6.370
78.656	38.337	67.428	5.549
78.853	38.625	68.029	6.289
79.050	38.435	67.694	6.246
79.247	38.581	68.657	6.555
79.444	38.460	68.823	5.809
79.641	39.060	68.122	6.142
79.838	38.511	67.883	6.315
80.035	38.535	67.871	6.012
80.232	39.084	68.914	6.408
80.429	38.413	68.454	6.581
80.626	38.805	68.192	5.974
80.823	38.688	67.762	6.058
81.020	39.229	68.756	6.754
81.217	39.026	68.231	6.309
81.414	39.193	68.851	5.818
81.611	39.333	69.045	6.009
81.808	39.081	68.821	6.396
82.005	39.088	68.470	5.832
82.202	39.090	68.871	6.514
82.399	39.417	68.630	5.821
82.596	39.699	68.527	5.890
82.793	38.741	68.635	5.858
82.990	38.751	68.210	5.835
83.187	38.990	68.504	6.272
83.385	38.483	68.759	6.029
83.582	39.369	68.036	6.358
83.779	39.116	68.551	6.139
83.976	38.952	68.517	6.246
84.173	39.056	68.271	5.809
84.370	39.412	68.222	5.803
84.567	39.634	68.368	5.581
84.764	39.824	67.973	5.598
84.961	39.254	68.222	5.694
85.158	39.314	68.316	5.783
85.355	38.963	68.283	6.127
85.552	39.941	68.397	6.555
85.749	39.447	68.017	6.896
85.946	39.680	68.203	5.685
86.143	39.478	68.596	5.847
86.340	39.290	69.425	5.858
86.537	38.920	68.528	5.543
86.734	39.427	68.411	6.312
86.931	39.230	69.254	6.523
87.128	39.337	68.352	6.142
87.325	39.344	68.768	5.887
87.522	40.111	69.226	6.020
87.719	39.141	69.984	5.705
87.916	39.843	68.666	6.257
88.113	39.353	68.262	5.873
88.310	39.135	68.519	6.127
88.507	39.433	67.518	5.801
88.704	39.599	68.709	6.575
88.901	39.862	68.520	5.899
89.098	40.144	67.451	5.928
89.295	39.253	67.654	6.064
89.492	40.017	68.887	6.384
89.689	39.392	68.841	5.566
89.886	39.853	68.312	6.428
90.083	39.370	68.039	6.231
90.280	40.758	67.747	6.043
90.477	39.876	67.633	5.948
90.674	40.287	67.335	6.468
90.871	39.669	68.668	6.217
91.068	39.561	67.848	6.092
91.265	39.702	68.418	6.491
91.462	39.729	67.930	6.026
91.659	39.181	67.546	5.968
91.856	39.439	67.997	5.604
92.053	39.826	68.404	5.624
92.250	39.811	68.161	5.636
92.447	40.374	67.730	5.991
92.644	39.523	68.157	5.682
92.841	40.129	68.362	5.884
93.038	39.624	68.685	5.500
93.235	40.047	68.042	6.130
93.432	39.311	68.493	6.358
93.629	39.653	67.805	5.945
93.826	39.724	67.949	6.159
94.023	39.751	68.132	6.202
94.221	39.950	68.273	5.396
94.418	39.736	68.001	5.512
94.615	39.933	68.240	5.858
94.812	39.925	68.503	5.994
95.009	39.971	67.634	5.971
95.206	40.158	67.966	6.520
95.403	39.798	66.937	6.627
95.600	39.767	67.547	6.465
95.797	39.216	68.118	5.668
95.994	40.244	67.927	5.890
96.191	40.458	68.661	6.569
96.388	39.643	67.106	5.818
96.585	40.246	68.148	6.113
96.782	39.426	68.132	6.532
96.979	39.728	67.944	6.318
97.176	39.555	67.388	6.422
97.373	39.977	68.091	6.159
97.570	39.719	67.275	6.419
97.767	39.870	66.991	6.289
97.964	40.600	67.382	6.416
98.161	40.691	67.384	6.142
98.358	39.842	67.198	6.931
98.555	40.108	67.038	5.945
98.752	40.826	67.329	5.997
98.949	39.531	67.110	6.009
99.146	39.677	66.933	5.529
99.343	39.962	67.216	5.789
99.540	39.947	67.693	6.607
99.737	40.405	67.685	6.546
99.934	40.162	67.480	5.578
100.131	40.289	67.506	6.116
100.328	40.845	67.616	6.188
100.525	40.192	67.165	5.977
100.722	40.251	67.142	6.361
100.919	40.842	66.695	6.474
101.116	40.393	66.832	6.220
101.313	40.257	67.189	6.194
101.510	40.467	67.328	5.720
101.707	40.698	66.801	6.581
101.904	40.696	67.127	5.824
102.101	39.726	67.830	5.425
102.298	39.958	67.255	6.387
102.495	40.759	67.199	6.298
102.692	40.200	66.800	5.370
102.889	40.319	66.780	5.861
103.086	40.669	67.161	6.257
103.283	41.153	67.154	6.500
103.480	40.498	67.417	6.003
103.677	40.924	67.001	5.775
103.874	40.027	67.218	5.679
104.071	40.167	67.059	6.113
104.268	40.780	66.978	6.442
104.465	40.579	67.374	5.853
104.662	40.270	67.595	5.746
104.859	40.814	67.293	5.887
105.057	40.253	67.254	5.532
105.254	40.818	67.205	5.867
105.451	40.914	66.885	5.997
105.648	40.781	66.593	6.382
105.845	41.233	67.373	6.526
106.042	40.827	67.488	5.821
106.239	41.168	67.424	6.147
106.436	41.482	67.015	6.301
106.633	41.099	67.662	6.168
106.830	41.270	67.651	6.636
107.027	41.189	66.609	6.127
107.224	41.221	67.109	5.870
107.421	41.374	67.046	6.436
107.618	41.508	67.330	6.306
107.815	41.133	66.542	6.491
108.012	40.677	67.484	6.509
108.209	41.272	66.082	5.887
108.406	41.261	65.857	6.263
108.603	41.338	66.438	6.451
108.800	41.223	66.518	5.604
108.997	41.262	67.508	6.682
109.194	41.498	66.902	6.064
109.391	41.650	67.031	5.942
109.588	40.310	67.205	5.555
109.785	41.625	66.574	6.000
109.982	41.657	66.789	6.390
110.179	41.410	66.850	5.954
110.376	41.497	65.919	6.465
110.573	41.407	67.253	6.523
110.770	41.506	67.366	5.795
110.967	41.635	66.925	6.301
111.164	41.681	66.799	6.535
111.361	41.466	67.235	6.529
111.558	41.814	67.030	6.353
111.755	41.449	66.876	5.948
111.952	41.608	67.278	5.951
112.149	41.283	67.207	6.500
112.346	42.402	67.005	6.581
112.543	41.295	67.429	6.353
112.740	41.915	66.791	6.266
112.937	41.534	66.497	6.292
113.134	41.153	66.221	5.876
113.331	42.032	66.772	6.471
113.528	42.039	66.703	6.017
113.725	41.746	67.158	6.347
113.922	41.717	67.568	5.821
114.119	41.423	66.722	6.350
114.316	42.115	67.081	6.023
114.513	42.403	66.423	6.847
114.710	41.416	67.431	6.058
114.907	42.138	66.947	5.746
115.104	41.594	67.331	6.038
115.301	42.190	67.817	5.205
115.498	41.566	67.789	5.962
115.695	42.159	66.524	6.275
115.893	41.487	67.666	6.150
116.090	42.140	67.300	6.055
116.287	41.659	67.210	6.202
116.484	42.052	67.329	6.529
116.681	42.285	68.796	5.601
116.878	42.016	67.501	6.014
117.075	41.560	66.645	5.321
117.272	42.556	66.815	5.332
117.469	41.673	67.226	6.066
117.666	42.311	66.353	6.335
117.863	42.024	67.732	6.341
118.060	41.904	67.124	5.237
118.257	42.104	66.899	5.965
118.454	41.553	67.273	5.786
118.651	42.117	67.395	5.462
118.848	42.773	67.022	6.656
119.045	41.806	67.330	6.202
119.242	42.210	66.966	5.934
119.439	42.586	66.913	6.604
119.636	42.516	67.433	5.988
119.833	42.498	67.064	5.737
120.030	41.751	67.168	6.176
120.227	42.402	67.214	5.697
120.424	42.065	66.977	5.780
120.621	42.609	68.102	5.844
120.818	42.296	66.989	5.399
121.015	42.171	66.897	5.991
121.212	42.248	68.120	6.049
121.409	42.218	67.898	6.136
121.606	42.554	67.076	5.775
121.803	41.726	67.545	6.194
122.000	42.392	67.393	6.228
122.197	42.300	67.158	6.566
122.394	42.165	68.146	5.702
122.591	42.427	67.816	6.234
122.788	42.217	66.583	6.578
122.985	42.532	67.139	6.341
123.182	42.183	67.598	6.301
123.379	42.106	66.744	5.679
123.576	42.503	66.912	6.671
123.773	42.303	67.004	6.116
123.970	42.068	67.442	5.575
124.167	42.010	67.327	6.332
124.364	42.368	67.034	7.225
124.561	42.152	66.735	6.110
124.758	42.036	66.454	5.968
124.955	42.393	66.834	6.483
125.152	41.856	67.269	6.260
125.349	42.109	67.949	6.329
125.546	42.449	66.915	6.624
125.743	42.863	67.248	5.832
125.940	42.651	66.809	5.988
126.137	42.300	67.123	6.263
126.334	41.765	67.245	6.896
126.531	42.361	67.236	4.988
126.729	42.278	67.454	6.656
126.926	42.079	67.787	5.879
127.123	42.833	67.494	6.113
127.320	42.462	68.082	5.789
127.517	42.688	66.919	5.650
127.714	42.779	66.981	6.483
127.911	42.795	67.673	5.882
128.108	42.711	67.458	6.382
128.305	42.599	67.407	6.697
128.502	42.768	67.118	5.723
128.699	42.539	67.178	6.497
128.896	43.072	67.226	5.980
129.093	42.622	67.026	6.101
129.290	42.969	67.623	6.040
129.487	42.852	66.697	6.118
129.684	42.893	67.291	6.182
129.881	42.951	67.718	6.043
130.078	43.096	67.009	7.058
130.275	42.605	67.906	6.520
130.472	42.880	67.081	6.257
130.669	42.309	67.348	6.009
130.866	42.280	66.848	6.633
131.063	42.976	67.452	6.277
131.260	42.109	67.956	5.925
131.457	43.029	67.184	6.373
131.654	42.208	67.526	6.324
131.851	42.615	67.783	5.671
132.048	42.912	67.899	6.358
132.245	42.594	67.114	5.731
132.442	42.586	68.477	5.798
132.639	43.158	67.655	6.968
132.836	43.297	66.697	5.416
133.033	43.232	67.731	6.061
133.230	43.157	68.031	5.486
133.427	42.140	68.037	5.798
133.624	42.256	68.006	6.538
133.821	42.696	67.329	5.991
134.018	42.660	67.291	6.569
134.215	43.035	67.428	5.838
134.412	42.747	67.590	6.035
134.609	43.191	67.927	5.986
134.806	42.906	67.955	5.847
135.003	42.575	68.073	6.829
135.200	43.061	67.901	5.491
135.397	43.054	66.630	6.546
135.594	43.110	67.142	6.254
135.791	43.040	67.527	5.410
135.988	42.624	68.389	6.332
136.185	42.833	67.308	5.997
136.382	43.363	67.970	7.384
136.579	43.241	67.693	6.546
136.776	42.805	67.432	6.653
136.973	43.159	67.364	5.936
137.170	43.042	68.143	5.532
137.367	43.303	67.275	6.390
137.565	42.903	67.889	6.639
137.762	43.138	67.564	6.205
137.959	43.327	67.073	6.613
138.156	43.364	67.399	6.090
138.353	43.607	67.219	6.358
138.550	43.108	67.895	6.020
138.747	42.668	67.982	6.156
138.944	43.011	67.240	6.095
139.141	42.554	67.727	6.561
139.338	43.215	66.977	6.185
139.535	43.221	67.502	5.688
139.732	43.181	67.629	6.035
139.929	43.098	66.865	6.162
140.126	42.924	67.409	5.919
140.323	42.656	67.206	6.150
140.520	43.715	68.032	6.532
140.717	43.796	67.816	6.399
140.914	43.671	67.246	5.945
141.111	42.964	66.847	7.006
141.308	43.225	67.148	6.327
141.505	43.106	66.838	6.246
141.702	42.800	66.478	6.061
141.899	43.882	66.551	6.061
142.096	43.816	66.742	6.246
142.293	42.923	67.149	6.234
142.490	42.954	67.767	5.465
142.687	43.172	67.748	5.913
142.884	43.088	67.456	6.413
143.081	43.405	66.860	6.720
143.278	43.445	66.776	6.118
143.475	43.912	67.306	5.780
143.672	43.714	67.923	6.408
143.869	43.484	67.361	6.038
144.066	43.794	67.303	5.986
144.263	44.084	67.692	6.254
144.460	44.071	67.889	5.905
144.657	43.788	67.598	5.723
144.854	44.488	66.950	6.627
145.051	43.761	67.472	5.841
145.248	43.582	67.291	6.023
145.445	43.513	67.438	6.017
145.642	43.871	66.837	6.335
145.839	43.256	67.079	6.540
146.036	43.938	67.013	6.176
146.233	43.266	67.144	6.396
146.430	43.669	67.398	6.543
146.627	43.783	66.359	6.006
146.824	43.083	66.598	6.228
147.021	43.520	66.493	6.575
147.218	43.293	66.395	6.879
147.415	43.928	66.714	5.780
147.612	43.446	66.594	6.405
147.809	43.171	66.795	5.896
148.006	43.377	66.790	5.936
148.203	43.360	67.150	6.246
148.401	43.085	67.157	6.737
148.598	43.785	67.111	6.315
148.795	43.660	67.105	6.118
148.992	43.645	67.485	6.026
149.189	43.082	66.920	5.960
149.386	44.158	66.725	5.997
149.583	43.687	67.585	6.225
149.780	43.471	67.954	6.448
149.977	43.660	67.054	6.691
150.174	43.874	67.330	6.006
150.371	43.868	67.403	6.367
150.568	43.835	67.830	6.624
150.765	43.061	66.926	6.457
150.962	44.127	67.344	6.818
151.159	43.462	67.075	5.832
151.356	43.849	67.274	5.844
151.553	44.280	67.608	6.266
151.750	43.945	67.979	5.616
151.947	44.039	67.349	6.104
152.144	43.608	66.555	6.587
152.341	44.040	67.936	5.624
152.538	44.178	67.433	5.936
152.735	44.017	67.957	5.925
152.932	43.952	68.082	6.231
153.129	44.418	68.231	6.130
153.326	43.820	67.181	6.757
153.523	44.292	67.516	6.211
153.720	42.824	67.651	6.012
153.917	43.917	67.139	6.497
154.114	44.015	67.018	6.645
154.311	43.598	67.799	6.659
154.508	43.197	67.946	5.951
154.705	43.246	66.825	6.720
154.902	43.477	67.994	6.841
155.099	43.225	67.201	6.760
155.296	44.084	66.710	6.145
155.493	43.730	67.677	6.130
155.690	43.610	67.593	6.104
155.887	43.585	66.838	6.486
156.084	43.959	67.918	6.214
156.281	43.645	67.518	6.734
156.478	43.465	67.898	5.780
156.675	43.897	67.356	6.003
156.872	43.523	67.240	6.604
157.069	43.568	68.106	6.604
157.266	43.406	67.567	6.087
157.463	43.171	67.162	5.630
157.660	43.259	68.129	5.968
157.857	43.395	67.845	6.393
158.054	42.524	67.200	5.540
158.251	42.967	67.998	6.358
158.448	43.505	67.556	5.277
158.645	43.526	67.954	5.699
158.842	43.485	67.173	6.142
159.039	43.618	68.242	5.876
159.237	43.693	67.098	5.529
159.434	43.678	66.065	5.896
159.631	43.265	67.368	5.803
159.828	43.827	68.237	5.988
160.025	43.728	67.279	6.399
160.222	43.695	67.735	5.769
160.419	44.046	67.387	6.327
160.616	43.540	66.971	6.780
160.813	43.602	67.668	5.910
161.010	43.653	68.540	5.838
161.207	44.036	67.192	6.150
161.404	43.991	68.030	6.361
161.601	44.332	68.114	5.879
161.798	43.592	67.993	5.503
161.995	43.099	67.939	5.555
162.192	44.266	67.610	6.147
162.389	44.006	68.200	6.355
162.586	43.482	67.353	5.905
162.783	43.120	67.716	6.003
162.980	43.335	67.978	6.280
163.177	43.473	67.612	6.280
163.374	44.379	67.996	6.228
163.571	43.185	67.171	5.379
163.768	44.122	67.802	6.159
163.965	43.675	67.816	7.208
164.162	43.240	67.951	6.471
164.359	44.188	67.646	6.685
164.556	44.196	67.822	6.448
164.753	43.895	67.531	6.220
164.950	43.624	67.515	6.457
165.147	43.425	67.159	5.786
165.344	43.547	67.359	5.298
165.541	43.047	67.391	6.150
165.738	43.639	68.092	6.306
165.935	43.694	67.063	5.934
166.132	43.770	68.131	5.697
166.329	43.469	67.184	6.101
166.526	43.686	66.859	5.855
166.723	43.997	67.395	6.280
166.920	43.210	67.144	5.812
167.117	44.232	67.533	6.185
167.314	44.385	67.050	5.633
167.511	43.819	68.039	6.699
167.708	43.469	67.955	5.870
167.905	43.741	67.295	5.665
168.102	43.849	67.190	6.350
168.299	44.476	67.183	6.711
168.496	43.786	66.976	5.855
168.693	44.627	67.436	5.887
168.890	43.789	67.554	5.775
169.087	43.972	67.843	5.714
169.284	44.307	67.846	6.668
169.481	44.200	67.394	5.841
169.678	43.328	67.775	5.772
169.875	44.032	67.251	6.254
170.073	43.825	68.553	6.075
170.270	43.969	67.708	5.410
170.467	43.994	67.449	6.624
170.664	43.421	67.141	6.899
170.861	43.781	66.944	6.329
171.058	43.759	67.025	6.032
171.255	43.138	66.806	5.717
171.452	44.117	66.611	6.350
171.649	43.651	67.006	6.538
171.846	44.177	67.107	5.890
172.043	44.001	67.241	5.627
172.240	44.263	67.190	6.217
172.437	44.383	66.991	5.249
172.634	43.818	66.401	5.725
172.831	44.241	67.149	6.315
173.028	44.056	67.070	6.052
173.225	43.787	67.421	5.925
173.422	44.028	67.211	6.760
173.619	43.433	66.750	6.353
173.816	43.980	67.584	6.118
174.013	44.287	67.728	5.916
174.210	44.068	67.484	5.532
174.407	44.252	66.502	6.199
174.604	44.292	66.711	6.462
174.801	44.217	67.455	5.936
174.998	44.287	66.820	6.540
175.195	43.572	67.882	6.367
175.392	43.823	67.940	5.965
175.589	43.776	67.966	5.665
175.786	43.886	67.387	5.540
175.983	44.222	66.433	5.347
176.180	43.931	68.126	5.821
176.377	43.668	66.837	6.133
176.574	44.053	65.858	5.867
176.771	45.204	67.428	5.789
176.968	44.619	66.736	5.957
177.165	43.886	66.505	5.552
177.362	44.342	67.500	5.590
177.559	44.800	67.110	6.520
177.756	44.574	66.753	5.552
177.953	44.103	67.158	6.136
178.150	44.551	65.984	6.098
178.347	43.868	67.926	6.029
178.544	44.147	66.679	5.543
178.741	44.348	66.676	5.772
178.938	44.651	66.442	5.671
179.135	44.290	67.349	5.483
179.332	43.961	66.820	5.974
179.529	44.141	67.172	5.827
179.726	44.483	66.857	5.662
179.923	43.566	67.210	6.185
180.120	44.821	67.125	5.743
180.317	44.953	67.721	6.165
180.514	44.787	66.967	5.468
180.711	44.644	67.655	6.436
180.909	44.355	67.300	5.916
181.106	44.320	66.533	5.884
181.303	45.145	66.824	5.896
181.500	44.564	67.031	5.994
181.697	45.052	67.008	5.832
181.894	44.061	66.216	6.130
182.091	44.879	66.851	5.243
182.288	44.132	66.942	5.957
182.485	44.764	67.023	5.717
182.682	44.893	66.747	6.046
182.879	44.167	66.766	6.303
183.076	45.634	66.590	5.668
183.273	44.010	66.377	5.685
183.470	44.541	67.298	6.246
183.667	44.371	66.487	6.575
183.864	44.313	66.266	5.887
184.061	44.119	66.550	6.350
184.258	44.610	66.402	6.373
184.455	43.998	66.964	5.370
184.652	44.357	67.076	6.064
184.849	44.224	67.114	5.309
185.046	44.248	66.237	5.491
185.243	44.707	66.509	5.962
185.440	44.605	66.906	5.338
185.637	44.389	66.739	5.286
185.834	44.888	67.126	6.182
186.031	44.680	66.103	5.549
186.228	44.882	66.800	6.370
186.425	44.787	66.693	5.905
186.622	44.152	66.388	5.902
186.819	44.601	66.892	5.642
187.016	44.660	66.486	6.260
187.213	44.903	66.870	6.049
187.410	44.557	66.549	5.604
187.607	44.180	66.327	5.514
187.804	45.160	66.924	6.107
188.001	45.028	67.050	5.584
188.198	44.725	66.864	6.390
188.395	44.717	66.736	5.578
188.592	44.662	67.222	5.974
188.789	44.031	66.602	5.630
188.986	44.327	67.173	6.246
189.183	44.000	66.044	5.931
189.380	44.313	66.607	5.957
189.577	44.610	66.644	6.292
189.774	44.380	66.655	6.416
189.971	44.057	66.251	5.815
190.168	43.771	67.573	5.945
190.365	43.439	66.820	6.416
190.562	43.975	67.348	6.260
190.759	44.020	66.943	6.228
190.956	44.724	66.656	6.052
191.153	44.145	66.729	6.251
191.350	44.417	67.356	6.220
191.547	45.205	67.398	6.581
191.745	44.278	66.812	6.275
191.942	44.800	66.654	6.480
192.139	44.171	67.661	6.156
192.336	44.116	66.279	6.032
192.533	44.336	66.540	6.043
192.730	44.313	67.323	5.393
192.927	43.846	66.812	5.543
193.124	44.106	66.897	6.064
193.321	43.738	67.787	5.789
193.518	44.577	67.173	6.254
193.715	44.058	67.063	6.049
193.912	43.969	67.031	6.098
194.109	44.095	66.049	5.526
194.306	44.311	66.062	6.052
194.503	44.114	66.909	5.673
194.700	44.083	66.530	5.555
194.897	44.445	65.983	6.049
195.094	43.484	66.354	5.506
195.291	44.322	67.233	5.699
195.488	44.152	66.887	6.260
195.685	45.040	67.409	6.679
195.882	43.809	67.199	6.749
196.079	43.891	66.642	5.902
196.276	44.662	66.202	5.896
196.473	44.407	65.858	5.618
196.670	43.961	66.896	6.092
196.867	43.937	66.821	5.798
197.064	44.401	65.893	6.303
197.261	44.266	66.478	6.202
 