Time [s]	Intensity Region 1	Intensity Region 2	Intensity Region 3
0.000	47.654	53.306	8.275
0.197	48.170	54.272	8.490
0.394	48.182	53.438	7.873
0.591	48.143	52.289	8.009
0.788	49.121	53.900	7.606
0.985	48.479	54.008	8.134
1.622	14.720	52.692	8.421
1.819	15.074	52.687	7.935
2.016	14.928	53.549	8.251
2.213	15.818	53.564	8.825
2.410	15.417	53.048	8.438
2.607	15.621	53.754	7.644
2.804	15.940	52.979	7.984
3.001	15.917	53.748	9.058
3.198	16.344	53.288	8.033
3.395	16.407	53.689	8.127
3.592	16.891	52.982	8.465
3.789	16.954	53.809	7.698
3.986	16.969	52.639	7.559
4.183	16.812	52.670	8.114
4.380	16.975	52.565	8.007
4.577	17.026	52.402	8.884
4.774	17.594	52.835	9.423
4.971	17.731	53.499	8.620
5.168	17.713	52.821	8.146
5.365	17.526	53.617	8.515
5.562	17.762	53.650	8.286
5.759	18.156	53.610	7.962
5.956	18.824	52.033	8.642
6.153	18.811	53.093	8.584
6.350	18.664	52.767	8.362
6.547	17.667	53.902	9.067
6.744	19.338	52.963	7.823
6.941	19.007	53.206	7.953
7.138	19.225	53.957	8.526
7.335	19.438	54.259	8.333
7.533	19.749	53.677	8.562
7.730	19.733	53.902	8.864
7.927	19.233	53.517	8.257
8.124	19.608	53.321	8.904
8.321	20.206	54.090	9.347
8.518	20.101	53.175	9.320
8.715	19.687	53.419	8.237
8.912	19.494	53.693	7.971
9.109	19.640	54.045	8.803
9.306	20.474	54.161	7.855
9.503	20.470	53.511	8.148
9.700	20.563	53.313	8.040
9.897	20.390	53.596	7.624
10.094	20.810	54.208	8.731
10.291	20.839	53.302	7.016
10.488	21.172	53.422	7.255
10.685	21.327	52.516	8.320
10.882	21.670	53.782	7.474
11.079	21.443	53.991	8.942
11.276	21.515	54.028	8.998
11.473	20.881	54.419	7.816
11.670	21.184	53.927	8.365
11.867	22.375	53.834	7.892
12.064	22.034	53.665	7.651
12.261	21.528	54.175	8.253
12.458	22.331	52.783	8.785
12.655	22.207	53.341	8.774
12.852	22.206	53.617	8.770
13.049	22.579	54.085	7.192
13.246	22.836	54.389	8.204
13.443	23.478	53.839	8.796
13.640	23.176	53.588	7.996
13.837	22.972	53.607	8.870
14.034	22.637	52.832	8.373
14.231	23.017	53.415	8.090
14.428	23.075	53.790	7.781
14.625	22.351	52.692	8.523
14.822	23.368	53.183	7.872
15.019	23.511	53.639	7.946
15.216	22.824	53.301	8.396
15.413	24.106	53.982	8.033
15.610	24.100	52.941	9.116
15.807	23.499	54.069	8.870
16.004	23.966	54.126	8.830
16.201	23.622	52.628	7.964
16.398	23.819	54.889	8.904
16.595	24.269	54.277	8.588
16.792	23.732	53.735	7.960
16.989	24.360	54.056	8.711
17.186	24.782	54.821	8.060
17.383	24.686	53.420	8.854
17.580	24.458	54.306	8.613
17.777	24.645	54.280	8.499
17.974	24.381	53.442	8.414
18.171	25.294	52.900	7.926
18.369	25.192	53.244	8.971
18.566	25.042	53.869	8.067
18.763	24.369	54.579	7.942
18.960	24.282	53.981	9.060
19.157	25.211	53.520	8.752
19.354	25.122	54.526	8.376
19.551	25.566	53.837	8.441
19.748	25.842	53.855	8.781
19.945	25.702	53.017	7.881
20.142	26.491	53.617	8.242
20.339	25.884	53.609	8.159
20.536	25.531	53.462	7.854
20.733	25.609	52.870	8.181
20.930	26.066	53.399	8.873
21.127	26.057	53.578	8.432
21.324	25.938	54.273	7.957
21.521	25.956	53.814	8.137
21.718	26.541	54.146	8.383
21.915	26.151	53.948	8.242
22.112	26.579	54.079	9.246
22.309	26.551	53.955	7.872
22.506	26.507	52.957	8.071
22.703	27.024	54.329	9.288
22.900	25.954	54.483	7.901
23.097	26.540	53.856	8.203
23.294	25.897	54.288	8.680
23.491	26.601	53.092	8.387
23.688	27.372	53.929	8.483
23.885	26.996	53.112	7.915
24.082	26.912	53.752	7.622
24.279	27.614	54.058	8.528
24.476	27.300	53.430	8.154
24.673	26.391	53.515	9.206
24.870	27.406	54.439	7.962
25.067	26.729	53.733	8.438
25.264	26.825	53.758	7.828
25.461	26.302	54.016	8.360
25.658	27.454	53.031	8.591
25.855	28.100	52.389	8.363
26.052	27.025	53.359	8.656
26.249	28.041	53.948	8.505
26.446	26.447	53.811	7.702
26.643	26.667	53.936	8.627
26.840	26.935	54.355	8.291
27.037	27.862	55.106	7.492
27.234	27.667	53.503	8.221
27.431	27.520	53.775	9.156
27.628	27.168	54.064	8.065
27.825	28.088	54.604	8.004
28.022	27.601	54.862	8.492
28.219	28.251	54.297	7.886
28.416	28.442	53.923	8.759
28.613	27.789	54.250	7.740
28.810	27.052	53.714	7.826
29.007	27.736	53.357	8.146
29.205	28.640	54.302	9.184
29.402	28.226	54.211	7.519
29.599	28.483	53.888	9.186
29.796	27.781	54.851	9.383
29.993	28.355	53.499	9.177
30.190	28.696	54.551	9.067
30.387	27.653	55.168	8.161
30.584	28.554	54.051	8.347
30.781	28.747	54.582	8.382
30.978	28.416	53.878	8.622
31.175	27.792	54.545	8.684
31.372	28.397	55.793	8.025
31.569	28.637	54.703	8.268
31.766	28.115	53.434	8.788
31.963	28.778	54.100	9.069
32.160	28.820	54.254	7.711
32.357	28.576	54.141	8.859
32.554	29.444	53.646	8.535
32.751	29.294	54.564	8.063
32.948	29.076	54.885	7.859
33.145	28.901	54.294	8.617
33.342	29.181	53.782	9.116
33.539	29.044	53.521	8.288
33.736	29.002	54.466	7.568
33.933	28.751	54.012	8.803
34.130	29.472	55.071	8.703
34.327	29.346	54.428	7.606
34.524	28.960	54.677	8.414
34.721	28.775	53.804	8.163
34.918	29.274	54.406	8.313
35.115	29.621	54.176	7.658
35.312	28.761	54.714	7.544
35.509	30.199	54.464	8.676
35.706	29.301	53.846	8.309
35.903	29.370	54.318	8.769
36.100	29.484	54.107	8.034
36.297	29.344	54.785	8.105
36.494	29.519	54.167	8.779
36.691	29.540	54.343	8.807
36.888	30.145	54.292	7.363
37.085	29.136	54.249	7.848
37.282	29.511	53.810	8.951
37.479	29.796	53.361	8.284
37.676	29.873	54.421	8.315
37.873	30.354	53.878	9.385
38.070	29.970	54.272	7.662
38.267	30.194	54.852	8.315
38.464	30.295	53.754	8.400
38.661	29.847	53.460	8.481
38.858	30.077	53.763	8.620
39.055	30.213	53.514	9.130
39.252	29.678	54.749	7.976
39.449	29.283	53.714	8.161
39.646	30.347	53.840	9.215
39.843	29.838	54.397	9.855
40.041	30.262	53.718	8.085
40.238	29.539	52.804	8.416
40.435	30.098	54.380	8.320
40.632	29.654	53.564	8.600
40.829	30.076	54.833	7.716
41.026	30.293	53.057	7.993
41.223	30.507	54.944	8.063
41.420	29.717	54.128	9.034
41.617	30.495	53.978	9.029
41.814	30.347	54.370	7.644
42.011	30.925	54.972	7.799
42.208	30.033	54.304	8.653
42.405	30.420	54.062	8.040
42.602	30.479	53.993	8.210
42.799	31.080	53.526	8.608
42.996	31.300	54.469	8.944
43.193	30.980	53.797	8.072
43.390	30.734	54.061	8.315
43.587	30.685	53.926	8.597
43.784	31.518	54.747	8.926
43.981	31.023	53.979	8.007
44.178	30.582	54.650	8.090
44.375	30.873	53.937	8.998
44.572	31.182	53.921	8.904
44.769	30.871	54.668	8.606
44.966	31.325	54.758	8.682
45.163	31.169	54.304	8.904
45.360	31.728	54.256	8.197
45.557	30.832	54.392	8.629
45.754	31.171	55.523	8.313
45.951	31.721	53.514	8.917
46.148	31.458	54.639	8.369
46.345	31.113	54.969	8.758
46.542	31.011	54.328	8.770
46.739	31.774	54.082	8.340
46.936	32.006	55.005	9.020
47.133	31.366	54.577	8.452
47.330	31.544	54.357	8.888
47.527	32.100	55.085	9.043
47.724	31.433	53.545	7.940
47.921	31.579	54.139	7.913
48.118	31.127	54.432	9.094
48.315	31.566	54.436	9.029
48.512	32.458	54.879	8.769
48.709	32.724	54.142	8.215
48.906	31.247	54.063	8.593
49.103	31.967	55.028	8.673
49.300	31.302	54.450	8.150
49.497	32.106	54.136	8.488
49.694	32.396	54.809	8.260
49.891	32.261	54.323	9.163
50.088	32.470	54.761	9.219
50.285	32.140	54.191	9.148
50.482	31.516	54.045	9.020
50.679	31.595	54.409	8.203
50.877	32.225	54.239	8.468
51.074	32.465	55.582	8.987
51.271	32.112	54.280	7.917
51.468	32.156	55.366	8.709
51.665	31.766	54.355	8.401
51.862	31.434	55.005	8.514
52.059	32.078	54.760	8.251
52.256	32.141	54.905	8.879
52.453	32.538	54.541	7.749
52.650	32.456	54.591	8.378
52.847	33.314	54.006	8.025
53.044	32.192	55.148	8.769
53.241	31.385	54.331	8.779
53.438	32.123	54.748	9.351
53.635	32.675	54.615	8.627
53.832	32.849	53.738	8.407
54.029	32.268	54.922	7.740
54.226	32.236	54.893	8.506
54.423	31.817	53.580	8.401
54.620	32.739	54.857	8.054
54.817	32.224	53.803	9.414
55.014	32.644	54.809	9.128
55.211	32.601	55.066	8.557
55.408	32.238	54.659	8.033
55.605	32.631	55.207	9.080
55.802	32.651	54.841	9.101
55.999	32.534	55.246	9.722
56.196	32.973	54.817	9.356
56.393	32.763	54.019	8.662
56.590	32.897	54.787	8.360
56.787	32.342	54.381	8.917
56.984	33.083	54.573	9.179
57.181	32.562	55.653	8.409
57.378	32.809	53.777	9.089
57.575	32.323	55.800	8.123
57.772	32.145	53.702	8.857
57.969	32.429	53.695	7.528
58.166	33.292	54.934	9.029
58.363	32.696	54.383	9.613
58.560	32.840	54.429	8.530
58.757	33.296	54.523	8.966
58.954	32.518	54.854	8.396
59.151	32.722	54.138	8.667
59.348	31.993	54.022	8.481
59.545	33.004	53.675	8.467
59.742	33.320	53.710	7.901
59.939	33.248	54.517	8.391
60.136	32.561	54.355	7.687
60.333	32.723	54.470	8.392
60.530	32.940	54.218	8.235
60.727	32.720	54.064	8.325
60.924	33.147	54.069	7.859
61.121	32.995	54.810	8.600
61.318	32.686	54.228	8.776
61.515	33.368	55.120	7.810
61.713	32.255	55.116	8.445
61.910	33.154	54.164	9.228
62.107	33.373	54.132	9.410
62.304	32.796	53.917	8.799
62.501	32.961	54.484	8.488
62.698	33.097	54.205	8.660
62.895	33.395	54.772	8.823
63.092	33.302	55.144	9.271
63.289	33.400	54.117	8.533
63.486	33.221	54.541	9.313
63.683	33.852	54.589	8.821
63.880	33.608	54.177	8.767
64.077	33.501	54.288	8.642
64.274	33.545	54.249	8.474
64.471	32.868	54.607	9.237
64.668	33.983	54.643	8.418
64.865	32.997	54.451	9.689
65.062	33.195	53.861	8.935
65.259	32.134	54.239	9.499
65.456	33.068	54.800	9.052
65.653	32.673	54.084	8.441
65.850	34.019	54.749	9.137
66.047	33.385	55.788	8.394
66.244	34.058	54.098	7.908
66.441	32.757	54.223	8.823
66.638	33.007	54.169	9.571
66.835	33.497	54.293	8.727
67.032	33.664	54.135	8.145
67.229	33.086	54.061	8.991
67.426	33.208	53.848	8.852
67.623	33.838	53.758	8.347
67.820	33.228	54.541	9.251
68.017	34.110	54.508	9.586
68.214	34.178	54.287	9.101
68.411	33.480	53.877	9.591
68.608	33.188	54.362	9.436
68.805	33.939	53.771	9.425
69.002	33.598	53.703	9.217
69.199	33.868	54.593	8.689
69.396	33.684	54.850	8.958
69.593	34.308	54.146	8.761
69.790	32.892	54.251	9.074
69.987	33.952	54.141	8.105
70.184	33.704	53.451	9.156
70.381	33.905	53.938	8.620
70.578	33.165	53.632	8.579
70.775	34.193	53.601	8.629
70.972	33.381	53.483	8.797
71.169	33.991	53.911	8.382
71.366	32.988	54.422	8.711
71.563	34.342	54.588	8.734
71.760	32.964	54.938	9.085
71.957	33.161	53.788	8.817
72.154	34.026	54.131	8.494
72.351	33.671	55.106	8.884
72.549	33.731	54.047	8.877
72.746	34.012	54.902	8.855
72.943	33.751	54.759	9.141
73.140	33.911	54.360	9.327
73.337	33.780	54.801	8.841
73.534	33.178	55.324	7.175
73.731	33.007	54.399	7.957
73.928	34.287	55.486	8.613
74.125	34.430	53.655	7.787
74.322	34.421	54.390	8.830
74.519	33.789	54.624	8.499
74.716	33.972	53.663	8.801
74.913	34.219	53.395	9.340
75.110	34.437	53.556	8.732
75.307	33.963	54.037	9.101
75.504	33.706	53.930	8.600
75.701	34.042	53.512	8.204
75.898	34.048	54.734	8.264
76.095	33.428	53.614	8.897
76.292	34.658	54.756	9.186
76.489	33.785	53.053	8.832
76.686	34.138	54.202	8.098
76.883	34.550	54.844	9.269
77.080	33.879	53.831	9.445
77.277	33.811	54.544	9.101
77.474	33.946	53.516	8.559
77.671	34.824	53.370	9.099
77.868	34.060	54.338	8.293
78.065	33.185	53.938	9.396
78.262	34.037	53.741	9.154
78.459	33.726	54.165	8.418
78.656	34.534	54.867	8.680
78.853	33.610	54.683	9.042
79.050	33.544	54.942	8.884
79.247	34.891	54.707	8.239
79.444	33.750	53.709	9.486
79.641	34.548	54.335	8.689
79.838	34.318	55.508	8.740
80.035	34.216	54.512	8.537
80.232	34.522	54.823	8.734
80.429	34.349	54.044	9.803
80.626	33.642	54.613	9.058
80.823	34.428	54.959	8.691
81.020	34.090	54.402	8.910
81.217	33.987	54.929	7.872
81.414	33.966	53.322	8.901
81.611	33.670	54.361	8.128
81.808	33.447	54.684	9.183
82.005	34.885	54.028	9.063
82.202	33.790	55.329	7.732
82.399	35.141	54.942	8.808
82.596	34.084	53.789	8.526
82.793	34.909	54.427	8.816
82.990	34.180	53.991	8.718
83.187	35.208	54.535	9.300
83.385	34.416	54.168	8.705
83.582	34.239	54.431	9.208
83.779	34.559	54.169	8.859
83.976	34.877	55.423	8.976
84.173	35.021	55.935	9.193
84.370	34.511	54.642	8.595
84.567	34.204	54.882	9.150
84.764	34.123	54.686	9.799
84.961	34.720	54.727	8.476
85.158	34.640	54.297	9.794
85.355	34.006	55.132	8.658
85.552	34.470	54.094	8.940
85.749	34.225	54.754	9.307
85.946	35.218	54.603	8.467
86.143	34.504	54.311	8.338
86.340	34.767	54.880	7.745
86.537	33.977	54.355	8.052
86.734	34.796	54.156	9.038
86.931	35.436	53.937	8.597
87.128	35.153	53.866	8.823
87.325	34.647	54.211	9.344
87.522	35.194	53.848	9.606
87.719	35.498	55.153	9.568
87.916	34.320	54.992	9.304
88.113	35.529	54.169	8.796
88.310	35.161	54.110	8.797
88.507	34.689	53.462	8.904
88.704	34.370	53.065	9.333
88.901	35.407	53.538	8.383
89.098	34.480	53.824	8.423
89.295	35.437	53.581	8.590
89.492	34.974	54.740	9.591
89.689	34.996	54.641	8.239
89.886	34.554	53.673	8.387
90.083	34.279	53.636	8.282
90.280	34.867	53.536	8.269
90.477	35.238	53.696	8.669
90.674	34.078	54.125	8.112
90.871	35.359	53.491	8.204
91.068	34.458	54.309	7.855
91.265	35.112	52.977	8.892
91.462	35.191	53.744	9.423
91.659	35.001	54.138	9.170
91.856	34.551	53.225	8.738
92.053	35.169	52.935	8.465
92.250	34.601	54.723	9.058
92.447	34.217	52.893	9.698
92.644	34.919	53.934	8.508
92.841	34.258	52.931	8.987
93.038	35.341	53.115	8.967
93.235	34.663	54.033	8.412
93.432	35.095	53.831	8.391
93.629	35.208	53.184	8.828
93.826	35.493	54.256	8.570
94.023	35.220	54.316	8.318
94.221	35.726	53.143	9.445
94.418	34.551	53.659	9.239
94.615	34.612	53.646	8.553
94.812	34.995	53.072	8.230
95.009	35.430	53.796	9.177
95.206	34.662	53.191	8.611
95.403	35.651	53.271	8.915
95.600	34.947	53.842	9.203
95.797	35.791	54.523	8.622
95.994	35.069	53.606	8.434
96.191	35.098	53.640	8.756
96.388	34.832	53.577	9.470
96.585	35.735	52.802	8.799
96.782	34.799	53.132	8.248
96.979	35.336	54.510	8.805
97.176	35.305	53.380	8.707
97.373	34.865	52.214	9.190
97.570	35.389	53.920	8.731
97.767	36.606	54.086	8.644
97.964	34.547	53.035	8.510
98.161	34.467	53.391	8.510
98.358	34.939	54.500	8.660
98.555	35.502	53.056	9.441
98.752	34.395	53.244	9.432
98.949	34.717	53.164	8.957
99.146	34.599	53.792	8.774
99.343	35.039	52.981	9.548
99.540	35.594	53.698	8.374
99.737	35.073	53.411	10.007
99.934	35.647	53.743	9.250
100.131	35.697	53.713	8.378
100.328	34.685	53.931	8.866
100.525	34.728	53.539	9.349
100.722	34.689	53.613	9.159
100.919	34.430	54.548	9.114
101.116	35.355	53.556	8.859
101.313	34.908	53.513	8.273
101.510	35.800	54.281	9.494
101.707	35.669	54.047	8.684
101.904	35.828	54.325	8.902
102.101	35.463	53.944	8.852
102.298	35.206	53.507	8.676
102.495	34.989	52.731	8.976
102.692	35.398	53.161	8.322
102.889	35.741	53.445	8.315
103.086	35.367	53.004	9.139
103.283	36.195	53.558	9.405
103.480	35.728	53.452	8.882
103.677	35.313	52.997	8.707
103.874	35.206	53.039	8.412
104.071	35.296	52.952	8.797
104.268	35.697	53.958	9.335
104.465	35.761	53.977	8.884
104.662	35.925	52.756	9.165
104.859	34.964	53.539	8.476
105.057	35.311	52.254	9.505
105.254	35.808	53.776	9.363
105.451	36.617	54.055	9.420
105.648	35.599	52.833	8.136
105.845	35.053	52.737	8.976
106.042	35.835	53.071	8.752
106.239	35.682	53.202	9.309
106.436	35.950	52.999	8.465
106.633	36.537	54.107	8.902
106.830	35.933	53.533	8.335
107.027	34.734	53.370	8.693
107.224	35.383	52.318	8.759
107.421	35.838	54.018	8.859
107.618	35.315	53.282	9.016
107.815	35.369	53.599	8.890
108.012	36.096	54.504	9.024
108.209	34.864	52.860	8.054
108.406	35.623	53.381	8.633
108.603	35.771	52.977	8.765
108.800	35.575	54.065	9.161
108.997	35.276	52.933	9.434
109.194	35.792	53.734	9.333
109.391	36.294	53.504	9.506
109.588	35.663	53.835	8.933
109.785	35.976	53.809	8.575
109.982	36.119	53.904	9.090
110.179	36.277	53.131	8.555
110.376	35.546	52.984	8.315
110.573	36.943	53.089	9.031
110.770	35.197	53.413	8.729
110.967	35.467	54.663	9.280
111.164	35.662	53.276	8.854
111.361	35.728	53.068	8.401
111.558	34.649	53.001	8.731
111.755	35.974	54.036	8.638
111.952	35.529	54.663	8.837
112.149	36.436	53.723	8.383
112.346	35.866	53.777	8.313
112.543	36.375	53.779	8.792
112.740	35.746	53.203	8.190
112.937	34.914	53.013	8.714
113.134	35.974	53.142	8.228
113.331	36.586	53.617	8.944
113.528	35.534	52.635	8.642
113.725	34.873	54.029	8.854
113.922	34.205	53.596	8.568
114.119	35.952	53.264	9.327
114.316	35.683	54.126	8.137
114.513	35.227	52.858	8.989
114.710	35.599	54.196	8.401
114.907	35.219	53.523	9.333
115.104	35.793	53.562	10.013
115.301	35.450	53.635	8.664
115.498	34.983	52.728	8.817
115.695	35.598	52.645	8.920
115.893	35.793	52.809	9.293
116.090	35.994	54.112	8.524
116.287	34.937	53.324	9.550
116.484	34.474	52.939	8.306
116.681	35.690	53.478	8.523
116.878	35.264	53.831	9.136
117.075	35.513	53.477	8.680
117.272	34.904	53.653	8.980
117.469	35.697	52.849	9.295
117.666	35.414	53.526	9.908
117.863	35.506	53.721	8.385
118.060	35.544	53.981	9.060
118.257	35.151	53.382	8.770
118.454	35.865	53.787	8.479
118.651	35.296	54.024	8.741
118.848	35.612	54.425	8.866
119.045	35.222	53.381	8.280
119.242	35.159	54.104	8.830
119.439	35.222	53.444	8.854
119.636	35.543	53.275	8.712
119.833	34.905	53.567	8.467
120.030	35.410	53.488	8.946
120.227	36.069	52.433	8.655
120.424	35.639	53.972	8.685
120.621	35.414	53.928	8.416
120.818	35.756	54.172	8.906
121.015	35.250	52.978	8.832
121.212	35.082	53.643	9.349
121.409	35.706	53.762	8.939
121.606	34.872	54.186	8.732
121.803	34.988	53.787	8.864
122.000	35.456	53.622	9.174
122.197	36.692	53.117	9.530
122.394	35.542	52.886	8.282
122.591	34.697	52.808	8.875
122.788	34.542	54.099	9.096
122.985	34.432	53.413	8.331
123.182	34.454	53.802	9.188
123.379	35.279	53.062	9.528
123.576	34.691	53.967	7.555
123.773	35.681	53.502	8.425
123.970	35.650	53.870	8.729
124.167	35.427	53.610	8.172
124.364	36.009	54.085	8.373
124.561	35.140	54.049	8.293
124.758	35.513	54.487	8.685
124.955	35.048	53.756	8.412
125.152	35.379	53.747	8.595
125.349	35.449	53.829	9.282
125.546	34.444	53.125	8.716
125.743	36.039	55.034	8.600
125.940	35.791	53.187	8.052
126.137	35.037	54.081	8.638
126.334	35.773	53.657	8.519
126.531	35.637	53.330	9.602
126.729	35.708	53.819	9.025
126.926	35.103	53.627	9.244
127.123	35.368	53.540	9.170
127.320	34.817	53.856	9.181
127.517	34.891	53.928	8.915
127.714	35.572	53.864	8.638
127.911	35.267	53.957	9.139
128.108	36.630	54.150	9.134
128.305	36.039	52.869	8.797
128.502	34.918	52.734	9.074
128.699	35.295	53.963	8.902
128.896	35.884	54.001	9.349
129.093	35.268	53.701	7.841
129.290	35.196	53.368	9.503
129.487	34.983	53.826	8.139
129.684	35.774	54.716	8.213
129.881	35.175	53.837	8.561
130.078	34.673	53.818	9.072
130.275	35.976	53.901	8.698
130.472	35.026	53.833	8.566
130.669	35.141	55.099	8.242
130.866	34.759	53.824	8.369
131.063	34.900	53.509	8.445
131.260	35.866	51.850	9.014
131.457	34.824	53.524	8.414
131.654	35.265	52.331	8.944
131.851	35.279	53.257	8.870
132.048	34.191	53.636	8.978
132.245	34.115	53.591	8.588
132.442	35.663	52.534	8.910
132.639	35.014	52.164	9.065
132.836	35.156	53.498	9.378
133.033	35.401	53.316	9.535
133.230	36.452	53.473	8.857
133.427	35.395	52.624	9.108
133.624	35.536	53.041	9.425
133.821	34.904	52.727	8.591
134.018	35.281	53.191	8.761
134.215	35.933	53.467	9.096
134.412	34.828	53.658	8.888
134.609	35.544	53.043	9.092
134.806	35.046	53.873	9.027
135.003	36.405	52.118	8.944
135.200	35.870	52.945	9.700
135.397	35.000	53.730	8.823
135.594	35.149	53.750	7.884
135.791	35.061	53.932	8.322
135.988	34.893	52.617	9.568
136.185	34.791	53.626	8.530
136.382	35.982	52.933	8.508
136.579	36.013	53.994	9.821
136.776	35.259	53.918	8.758
136.973	35.835	53.012	9.371
137.170	36.057	53.317	8.034
137.367	35.455	53.744	8.808
137.565	34.968	54.064	8.365
137.762	36.219	53.394	8.562
137.959	34.613	53.386	8.595
138.156	35.345	54.321	9.246
138.353	35.121	53.634	9.271
138.550	35.807	53.245	9.145
138.747	35.213	53.582	9.472
138.944	34.663	53.188	9.553
139.141	35.115	53.902	8.942
139.338	34.891	53.367	8.995
139.535	35.504	52.768	9.165
139.732	36.678	54.268	9.365
139.929	35.903	52.872	8.924
140.126	34.984	53.666	8.627
140.323	35.644	52.861	8.892
140.520	35.305	52.793	8.530
140.717	36.272	53.579	9.175
140.914	35.624	52.985	8.394
141.111	35.101	52.512	8.821
141.308	35.107	53.964	9.029
141.505	35.169	53.415	9.016
141.702	35.018	52.847	8.550
141.899	36.486	53.903	8.756
142.096	35.642	53.175	9.096
142.293	36.152	53.693	7.922
142.490	35.338	53.404	9.040
142.687	35.568	52.733	8.906
142.884	36.379	53.626	8.754
143.081	35.238	52.379	8.340
143.278	36.204	52.602	10.365
143.475	35.850	53.230	7.810
143.672	34.974	52.685	9.184
143.869	35.322	52.510	9.360
144.066	34.943	52.641	9.367
144.263	35.409	53.221	9.712
144.460	35.548	53.479	9.293
144.657	35.402	52.752	9.705
144.854	35.078	53.712	8.973
145.051	35.461	53.415	9.488
145.248	35.493	53.363	8.837
145.445	35.752	53.682	7.816
145.642	35.767	53.443	8.156
145.839	36.228	52.851	8.922
146.036	36.419	52.851	8.776
146.233	35.710	52.880	8.541
146.430	35.944	53.173	8.928
146.627	35.398	53.399	9.266
146.824	35.506	52.703	8.830
147.021	35.562	53.225	9.434
147.218	35.252	52.942	8.219
147.415	35.494	53.590	8.653
147.612	35.489	54.093	8.866
147.809	35.597	53.427	8.456
148.006	35.126	53.979	9.327
148.203	35.182	53.551	8.571
148.401	35.801	53.337	8.705
148.598	35.902	54.237	8.181
148.795	35.682	53.254	8.340
148.992	35.655	52.607	9.049
149.189	36.974	53.255	8.629
149.386	36.861	52.864	8.400
149.583	36.108	54.019	9.915
149.780	35.722	53.601	8.458
149.977	35.870	53.686	8.881
150.174	35.108	53.018	8.159
150.371	36.681	53.817	8.897
150.568	35.573	54.413	8.702
150.765	36.384	53.037	8.025
150.962	35.971	53.281	9.058
151.159	36.481	52.928	8.993
151.356	35.897	53.448	8.591
151.553	35.949	52.805	8.745
151.750	35.938	52.530	8.472
151.947	35.317	52.636	9.020
152.144	35.949	52.717	8.729
152.341	35.550	53.312	8.363
152.538	35.552	53.333	8.123
152.735	36.221	53.670	8.665
152.932	35.901	51.948	9.029
153.129	35.616	53.213	9.398
153.326	36.202	53.010	9.016
153.523	35.847	52.018	8.401
153.720	36.846	52.711	8.618
153.917	35.554	52.290	9.324
154.114	36.056	52.971	8.816
154.311	36.752	52.441	9.519
154.508	36.166	52.967	9.821
154.705	36.173	53.114	9.143
154.902	36.590	52.098	8.519
155.099	35.847	52.188	8.210
155.296	35.274	52.921	10.199
155.493	36.013	52.967	7.835
155.690	35.467	52.434	8.233
155.887	36.387	52.214	8.136
156.084	35.892	53.644	8.521
156.281	35.483	53.268	9.141
156.478	35.750	52.736	8.944
156.675	36.211	54.022	8.967
156.872	35.479	53.235	8.633
157.069	35.395	52.957	9.277
157.266	35.873	52.960	9.316
157.463	36.055	52.722	9.063
157.660	36.161	52.776	8.655
157.857	34.981	53.301	8.168
158.054	35.886	52.717	9.306
158.251	36.084	53.095	8.119
158.448	35.389	53.786	8.233
158.645	36.182	53.165	8.521
158.842	35.386	52.564	7.931
159.039	36.006	52.922	9.378
159.237	35.689	54.314	8.132
159.434	35.406	53.057	9.729
159.631	35.642	53.448	8.533
159.828	36.754	51.974	9.345
160.025	35.971	53.727	8.537
160.222	35.968	53.275	8.707
160.419	36.451	52.600	9.362
160.616	36.278	52.950	8.552
160.813	36.241	53.026	8.025
161.010	36.591	52.835	9.421
161.207	35.715	51.996	8.591
161.404	36.310	52.798	9.045
161.601	35.697	52.773	9.470
161.798	36.476	52.900	9.210
161.995	36.842	53.878	9.098
162.192	36.038	53.747	8.712
162.389	36.010	52.523	8.226
162.586	36.897	53.624	8.316
162.783	36.472	52.844	9.074
162.980	35.940	52.779	9.116
163.177	36.211	53.431	9.353
163.374	35.978	53.482	8.036
163.571	36.530	52.791	8.548
163.768	35.679	53.293	9.206
163.965	36.220	52.684	9.114
164.162	35.614	53.623	8.499
164.359	35.996	52.727	10.025
164.556	36.337	52.770	8.051
164.753	35.544	53.647	8.157
164.950	36.405	52.889	9.351
165.147	36.898	51.781	9.354
165.344	36.461	52.939	8.354
165.541	36.922	51.975	9.123
165.738	36.167	53.791	8.233
165.935	36.368	52.796	9.286
166.132	35.791	53.080	9.250
166.329	36.630	52.604	9.054
166.526	36.385	53.784	9.125
166.723	36.525	53.308	7.890
166.920	36.731	52.123	8.548
167.117	36.456	53.352	8.371
167.314	36.252	52.336	7.828
167.511	36.353	52.830	8.188
167.708	36.582	52.447	7.787
167.905	36.424	52.484	9.217
168.102	36.848	53.112	8.438
168.299	35.402	53.429	9.363
168.496	37.075	51.594	9.430
168.693	35.902	53.096	8.638
168.890	36.808	52.800	9.456
169.087	36.855	53.515	8.597
169.284	35.941	52.678	8.741
169.481	36.363	53.054	8.557
169.678	37.412	52.974	8.924
169.875	35.561	53.391	9.458
170.073	35.953	52.784	9.937
170.270	37.539	54.227	8.879
170.467	37.410	54.353	9.090
170.664	36.772	53.688	8.559
170.861	37.451	52.881	9.635
171.058	36.813	52.515	9.051
171.255	36.420	53.359	9.141
171.452	35.940	52.733	8.920
171.649	36.660	53.236	9.403
171.846	36.955	53.008	9.530
172.043	36.893	53.545	8.976
172.240	36.593	53.282	9.790
172.437	37.391	53.605	9.586
172.634	36.855	53.080	8.924
172.831	36.438	52.203	8.854
173.028	37.518	53.014	7.832
173.225	37.157	52.890	9.510
173.422	37.108	51.700	8.242
173.619	36.800	51.318	8.675
173.816	36.245	53.965	10.060
174.013	35.557	52.457	8.816
174.210	36.797	52.198	8.787
174.407	37.207	53.672	8.253
174.604	36.779	52.627	9.716
174.801	35.965	52.371	9.380
174.998	36.240	52.850	9.374
175.195	36.248	53.805	9.291
175.392	36.935	52.718	8.834
175.589	36.035	52.077	8.646
175.786	37.304	52.950	8.347
175.983	37.074	53.248	8.467
176.180	35.751	52.851	8.825
176.377	35.761	52.454	8.685
176.574	37.274	52.337	8.561
176.771	36.977	52.974	8.980
176.968	36.815	52.474	8.304
177.165	36.784	52.493	8.250
177.362	36.664	53.698	8.906
177.559	36.065	52.440	8.801
177.756	36.062	51.748	8.004
177.953	36.107	51.804	8.277
178.150	37.059	51.556	9.253
178.347	36.457	52.727	8.358
178.544	36.536	52.952	10.197
178.741	36.075	52.633	8.731
178.938	36.979	53.304	8.788
179.135	36.272	52.401	8.620
179.332	35.977	54.152	7.966
179.529	35.588	53.296	9.447
179.726	36.605	52.720	8.893
179.923	36.635	53.232	9.219
180.120	37.015	52.540	8.627
180.317	36.154	52.019	9.177
180.514	36.073	52.399	9.707
180.711	36.168	51.345	8.013
180.909	36.319	52.670	9.192
181.106	35.979	53.100	8.542
181.303	36.396	52.721	8.118
181.500	36.155	52.197	9.378
181.697	36.580	52.810	8.479
181.894	36.072	52.805	8.600
182.091	36.871	53.124	9.293
182.288	36.355	52.280	8.837
182.485	36.207	52.927	8.656
182.682	35.871	52.885	8.602
182.879	36.441	52.717	8.506
183.076	36.134	52.990	8.774
183.273	36.794	53.291	8.251
183.470	36.648	52.874	8.698
183.667	35.919	52.767	8.508
183.864	36.046	52.822	9.369
184.061	35.428	52.881	8.392
184.258	36.816	52.858	8.217
184.455	35.546	52.641	8.693
184.652	36.536	51.658	8.204
184.849	36.588	52.846	9.009
185.046	36.046	52.616	8.911
185.243	36.698	52.597	8.394
185.440	35.470	53.062	9.034
185.637	36.128	52.404	9.027
185.834	36.604	52.700	8.342
186.031	36.907	52.523	9.110
186.228	36.508	52.978	9.239
186.425	37.021	52.205	8.324
186.622	36.941	53.476	8.020
186.819	35.785	52.056	9.264
187.016	35.754	52.969	8.405
187.213	36.142	52.574	9.011
187.410	36.654	53.046	8.832
187.607	36.361	52.545	9.063
187.804	36.608	52.983	9.403
188.001	36.359	52.558	8.532
188.198	36.022	53.705	8.649
188.395	36.469	52.733	9.731
188.592	36.370	52.990	9.033
188.789	36.285	52.588	9.405
188.986	36.160	52.218	8.485
189.183	36.620	52.848	8.501
189.380	36.055	53.469	8.752
189.577	36.325	52.522	8.306
189.774	35.670	52.247	8.843
189.971	36.175	52.150	8.468
190.168	36.025	53.607	8.403
190.365	36.108	52.798	9.092
190.562	36.664	52.788	8.982
190.759	36.229	52.663	8.043
190.956	36.748	53.279	8.559
191.153	36.213	52.154	8.530
191.350	35.802	52.800	8.882
191.547	35.615	52.383	8.150
191.745	36.968	53.213	8.714
191.942	37.191	52.602	9.280
192.139	36.208	52.587	8.797
192.336	37.006	52.440	8.949
192.533	36.519	53.374	8.803
192.730	35.205	52.454	9.282
192.927	36.487	52.106	9.054
193.124	36.276	52.221	8.353
193.321	36.780	51.562	8.904
193.518	36.925	53.148	9.040
193.715	36.962	52.422	8.664
193.912	36.429	52.987	9.253
194.109	36.506	52.207	8.890
194.306	37.118	52.602	8.864
194.503	36.507	52.630	8.351
194.700	36.260	53.047	9.011
194.897	36.505	52.044	8.495
195.094	36.421	51.890	9.539
195.291	36.864	53.511	9.090
195.488	36.037	52.393	9.474
195.685	36.895	52.794	8.658
195.882	35.579	52.665	8.081
196.079	36.366	51.936	8.913
196.276	35.785	52.557	8.857
196.473	35.802	53.701	8.778
196.670	35.960	51.576	8.271
196.867	36.585	52.587	9.338
197.064	36.604	52.506	8.559
197.261	35.794	52.457	8.476
 